 0.500        0.000000
 0.510        0.000000
 0.520        0.000000
 0.530        0.000000
 0.540        0.000000
 0.550        0.000000
 0.560        0.000000
 0.570        0.000000
 0.580        0.000000
 0.590        0.000000
 0.600        0.000000
 0.610        0.000000
 0.620        0.000000
 0.630        0.000000
 0.640        0.000000
 0.650        0.000000
 0.660        0.000000
 0.670        0.000000
 0.680        0.000000
 0.690        0.000000
 0.700        0.000000
 0.710   -10124.319195
 0.720   -10111.288320
 0.730   -10081.162395
 0.740   -10033.236720
 0.750    -9966.796875
 0.760    -9881.118720
 0.770    -9775.468395
 0.780    -9649.102320
 0.790    -9501.267195
 0.800    -9331.200000
 0.810    -9138.127995
 0.820    -8921.268720
 0.830    -8679.829995
 0.840    -8413.009920
 0.850    -8119.996875
 0.860    -7799.969520
 0.870    -7452.096795
 0.880    -7075.537920
 0.890    -6669.442395
 0.900    -6232.950000
 0.910    -5765.190795
 0.920    -5265.285120
 0.930    -4732.343595
 0.940    -4165.467120
 0.950    -3563.746875
 0.960    -2926.264320
 0.970    -2252.091195
 0.980    -1540.289520
 0.990     -789.911595
 1.000        0.000000
 1.010      830.412405
 1.020     1702.302480
 1.030     2616.656805
 1.040     3574.471680
 1.050     4576.753125
 1.060     5624.516880
 1.070     6718.788405
 1.080     7860.602880
 1.090     9051.005205
 1.100    10291.050000
